home = ( 3.65233521e-05, -2.032797323, -0.0194307578, 3.126676375, -0.04799620301, -0.06183365856, -0.03000149967 );
zeroangle = ( 4.005223837, 3.696893699, 1.940485697, 6.092971689, 1.876058504, 1.254796284, 1.03236907 );
